Sender: LSF System <lsfadmin@e2089>
Subject: Job 8116465: <matlab -nodisplay -singleCompThread -r GridSearch_ComputeBiases> in cluster <euler> Done

Job <matlab -nodisplay -singleCompThread -r GridSearch_ComputeBiases> was submitted from host <euler04> by user <dojan> in cluster <euler>.
Job was executed on host(s) <10*e2089>, in queue <normal.4h>, as user <dojan> in cluster <euler>.
</cluster/home/dojan> was used as the home directory.
</cluster/home/dojan/cil/cil_2015_nstd_git/project/src> was used as the working directory.
Started at Wed Jun 17 15:05:14 2015
Results reported on Wed Jun 17 15:18:20 2015

Your job looked like:

------------------------------------------------------------
# LSBATCH: User input
matlab -nodisplay -singleCompThread -r GridSearch_ComputeBiases
------------------------------------------------------------

Successfully completed.

Resource usage summary:

    CPU time :               5287.83 sec.
    Max Memory :             7442 MB
    Average Memory :         4032.48 MB
    Total Requested Memory : 10240.00 MB
    Delta Memory :           2798.00 MB
    (Delta: the difference between Total Requested Memory and Max Memory.)
    Max Swap :               2 MB
    Max Processes :          27
    Max Threads :            339

The output (if any) follows:


                            < M A T L A B (R) >
                  Copyright 1984-2013 The MathWorks, Inc.
                    R2013b (8.2.0.701) 64-bit (glnxa64)
                              August 13, 2013


To get started, type one of these: helpwin, helpdesk, or demo.
For product information, visit www.mathworks.com.

Starting parallel pool (parpool) using the 'local' profile ... connected to 10 workers.
Grid Search Compute Biases
Lambda_1,Lambda_2,Mean_RMSE,Std_RMSE,Mean_CPU,Std_CPU
0,0,0.994067,0.002658,0.768202,0.150790
0,1,0.993984,0.002653,0.552495,0.054003
0,2,0.993913,0.002650,0.598929,0.106520
0,3,0.993854,0.002646,0.595242,0.081327
0,4,0.993805,0.002643,0.561486,0.055136
0,5,0.993764,0.002640,0.558875,0.057306
0,6,0.993731,0.002637,0.561863,0.063387
0,7,0.993705,0.002634,0.561002,0.043865
0,8,0.993686,0.002632,0.555688,0.050777
0,9,0.993673,0.002630,0.559670,0.053042
0,10,0.993665,0.002628,0.599260,0.100668
0,11,0.993663,0.002626,0.549234,0.046961
0,12,0.993665,0.002624,0.549907,0.047763
0,13,0.993671,0.002622,0.547388,0.045824
0,14,0.993682,0.002620,0.549880,0.048485
0,15,0.993696,0.002619,0.548737,0.047018
0,16,0.993714,0.002617,0.547875,0.047760
0,17,0.993735,0.002616,0.549730,0.048115
0,18,0.993760,0.002614,0.547113,0.046990
0,19,0.993787,0.002613,0.548696,0.047728
0,20,0.993816,0.002612,0.550838,0.048515
1,0,0.994072,0.002657,0.550971,0.052236
1,1,0.993988,0.002653,0.653183,0.188460
1,2,0.993918,0.002649,0.564931,0.057204
1,3,0.993858,0.002645,0.553525,0.048553
1,4,0.993809,0.002642,0.551190,0.047586
1,5,0.993768,0.002639,0.549631,0.044563
1,6,0.993735,0.002636,0.547172,0.047033
1,7,0.993709,0.002634,0.548987,0.045794
1,8,0.993690,0.002631,0.557609,0.052902
1,9,0.993677,0.002629,0.560026,0.052829
1,10,0.993669,0.002627,0.552515,0.050581
1,11,0.993667,0.002625,0.549887,0.048898
1,12,0.993669,0.002623,0.549338,0.046837
1,13,0.993676,0.002621,0.550385,0.047274
1,14,0.993686,0.002620,0.552006,0.048443
1,15,0.993701,0.002618,0.560366,0.054207
1,16,0.993719,0.002617,0.558620,0.048046
1,17,0.993740,0.002615,0.573510,0.091172
1,18,0.993764,0.002614,0.553693,0.050356
1,19,0.993791,0.002613,0.552020,0.048213
1,20,0.993820,0.002611,0.551174,0.048785
2,0,0.994077,0.002657,0.557195,0.050182
2,1,0.993994,0.002652,0.561337,0.055738
2,2,0.993923,0.002648,0.555558,0.050085
2,3,0.993864,0.002645,0.557150,0.051899
2,4,0.993814,0.002641,0.564244,0.055516
2,5,0.993773,0.002638,0.584033,0.114607
2,6,0.993741,0.002636,0.566406,0.088944
2,7,0.993715,0.002633,0.563254,0.084640
2,8,0.993696,0.002631,0.546646,0.044046
2,9,0.993682,0.002629,0.552068,0.047028
2,10,0.993675,0.002626,0.549367,0.048273
2,11,0.993672,0.002625,0.548090,0.045306
2,12,0.993675,0.002623,0.552328,0.050017
2,13,0.993681,0.002621,0.553364,0.036987
2,14,0.993692,0.002619,0.559007,0.053094
2,15,0.993706,0.002618,0.554575,0.050262
2,16,0.993724,0.002616,0.551404,0.047711
2,17,0.993745,0.002615,0.549932,0.047728
2,18,0.993769,0.002613,0.555901,0.050810
2,19,0.993796,0.002612,0.557221,0.052378
2,20,0.993826,0.002611,0.558787,0.050527
3,0,0.994084,0.002656,0.546052,0.043323
3,1,0.994000,0.002652,0.549075,0.043910
3,2,0.993929,0.002648,0.548652,0.045994
3,3,0.993870,0.002644,0.556610,0.048944
3,4,0.993821,0.002641,0.573680,0.090575
3,5,0.993780,0.002638,0.555830,0.049498
3,6,0.993747,0.002635,0.557847,0.050746
3,7,0.993721,0.002633,0.558973,0.052832
3,8,0.993702,0.002631,0.557717,0.051788
3,9,0.993689,0.002628,0.556587,0.050383
3,10,0.993681,0.002626,0.561228,0.055475
3,11,0.993679,0.002624,0.584555,0.078999
3,12,0.993681,0.002622,0.586990,0.078041
3,13,0.993687,0.002621,0.550088,0.047159
3,14,0.993698,0.002619,0.559792,0.047601
3,15,0.993712,0.002617,0.583215,0.119802
3,16,0.993730,0.002616,0.575230,0.116368
3,17,0.993751,0.002615,0.492537,0.018199
3,18,0.993776,0.002613,0.549021,0.046506
3,19,0.993802,0.002612,0.579445,0.117136
3,20,0.993832,0.002611,0.563546,0.074668
4,0,0.994091,0.002656,0.551539,0.049923
4,1,0.994007,0.002652,0.549472,0.047247
4,2,0.993937,0.002648,0.550827,0.047652
4,3,0.993877,0.002644,0.553568,0.050034
4,4,0.993828,0.002641,0.553972,0.050214
4,5,0.993787,0.002638,0.549168,0.046715
4,6,0.993754,0.002635,0.549024,0.046515
4,7,0.993728,0.002633,0.549683,0.047847
4,8,0.993709,0.002630,0.551933,0.050054
4,9,0.993696,0.002628,0.573684,0.113122
4,10,0.993688,0.002626,0.551137,0.046023
4,11,0.993686,0.002624,0.555247,0.044387
4,12,0.993688,0.002622,0.559289,0.053518
4,13,0.993695,0.002621,0.558226,0.050860
4,14,0.993705,0.002619,0.610196,0.156537
4,15,0.993720,0.002617,0.550565,0.048125
4,16,0.993737,0.002616,0.550531,0.048741
4,17,0.993759,0.002614,0.550526,0.048282
4,18,0.993783,0.002613,0.608784,0.133781
4,19,0.993810,0.002612,0.547549,0.044640
4,20,0.993839,0.002611,0.548822,0.045863
5,0,0.994099,0.002656,0.584831,0.080878
5,1,0.994015,0.002652,0.551711,0.048735
5,2,0.993945,0.002648,0.550319,0.047500
5,3,0.993885,0.002644,0.551067,0.049066
5,4,0.993836,0.002641,0.557813,0.052318
5,5,0.993795,0.002638,0.551807,0.048836
5,6,0.993762,0.002635,0.555904,0.050848
5,7,0.993736,0.002633,0.561762,0.051474
5,8,0.993717,0.002630,0.582382,0.081213
5,9,0.993704,0.002628,0.562601,0.049927
5,10,0.993696,0.002626,0.577408,0.042187
5,11,0.993694,0.002624,0.557230,0.052234
5,12,0.993696,0.002622,0.561792,0.053587
5,13,0.993703,0.002620,0.614281,0.135437
5,14,0.993713,0.002619,0.549043,0.045107
5,15,0.993728,0.002617,0.552164,0.048445
5,16,0.993745,0.002616,0.551756,0.049791
5,17,0.993767,0.002614,0.549236,0.046253
5,18,0.993791,0.002613,0.548214,0.044721
5,19,0.993818,0.002612,0.552802,0.048405
5,20,0.993847,0.002611,0.550785,0.047120
6,0,0.994108,0.002656,0.548741,0.046458
6,1,0.994024,0.002652,0.592492,0.101244
6,2,0.993953,0.002648,0.573703,0.060578
6,3,0.993894,0.002644,0.549997,0.045178
6,4,0.993845,0.002641,0.552689,0.049110
6,5,0.993804,0.002638,0.552434,0.048442
6,6,0.993771,0.002635,0.563031,0.084602
6,7,0.993745,0.002633,0.555387,0.050005
6,8,0.993726,0.002630,0.598595,0.128825
6,9,0.993713,0.002628,0.620985,0.167733
6,10,0.993705,0.002626,0.599937,0.121674
6,11,0.993702,0.002624,0.559446,0.053944
6,12,0.993705,0.002622,0.558542,0.054378
6,13,0.993711,0.002621,0.558592,0.054421
6,14,0.993722,0.002619,0.560244,0.050197
6,15,0.993736,0.002617,0.559133,0.052574
6,16,0.993754,0.002616,0.555308,0.048585
6,17,0.993775,0.002614,0.603276,0.130360
6,18,0.993799,0.002613,0.577299,0.064657
6,19,0.993826,0.002612,0.548197,0.045385
6,20,0.993856,0.002611,0.550457,0.048200
7,0,0.994117,0.002656,0.546292,0.042367
7,1,0.994033,0.002652,0.564227,0.051351
7,2,0.993963,0.002648,0.552538,0.047755
7,3,0.993903,0.002644,0.558911,0.054000
7,4,0.993854,0.002641,0.561756,0.054614
7,5,0.993813,0.002638,0.557068,0.052894
7,6,0.993780,0.002635,0.555547,0.051445
7,7,0.993754,0.002633,0.560473,0.054114
7,8,0.993735,0.002630,0.557463,0.051485
7,9,0.993722,0.002628,0.556252,0.050039
7,10,0.993714,0.002626,0.552657,0.049071
7,11,0.993712,0.002624,0.548311,0.045723
7,12,0.993714,0.002622,0.548822,0.046742
7,13,0.993721,0.002621,0.545969,0.047300
7,14,0.993731,0.002619,0.546344,0.044903
7,15,0.993746,0.002617,0.546813,0.046275
7,16,0.993763,0.002616,0.549257,0.047055
7,17,0.993784,0.002615,0.545460,0.045662
7,18,0.993809,0.002613,0.546208,0.045929
7,19,0.993836,0.002612,0.548972,0.046462
7,20,0.993865,0.002611,0.547741,0.045465
8,0,0.994127,0.002656,0.553605,0.052196
8,1,0.994043,0.002652,0.546623,0.044759
8,2,0.993973,0.002648,0.545903,0.045719
8,3,0.993913,0.002644,0.568628,0.045836
8,4,0.993864,0.002641,0.588006,0.050641
8,5,0.993823,0.002638,0.581091,0.113474
8,6,0.993790,0.002635,0.564994,0.064852
8,7,0.993764,0.002633,0.554253,0.049755
8,8,0.993745,0.002630,0.582090,0.133900
8,9,0.993732,0.002628,0.550308,0.048019
8,10,0.993724,0.002626,0.557271,0.053359
8,11,0.993722,0.002624,0.566190,0.067140
8,12,0.993724,0.002622,0.546296,0.042784
8,13,0.993730,0.002621,0.548278,0.046773
8,14,0.993741,0.002619,0.599755,0.113895
8,15,0.993755,0.002618,0.572619,0.056800
8,16,0.993773,0.002616,0.550720,0.048434
8,17,0.993794,0.002615,0.559957,0.052968
8,18,0.993819,0.002613,0.557264,0.049598
8,19,0.993845,0.002612,0.568372,0.053939
8,20,0.993875,0.002611,0.560868,0.052649
9,0,0.994137,0.002656,0.552628,0.048459
9,1,0.994054,0.002652,0.554671,0.051154
9,2,0.993983,0.002648,0.549064,0.047609
9,3,0.993924,0.002644,0.603186,0.123595
9,4,0.993874,0.002641,0.551319,0.047562
9,5,0.993833,0.002638,0.549353,0.046506
9,6,0.993801,0.002635,0.560947,0.054777
9,7,0.993775,0.002633,0.562155,0.054290
9,8,0.993756,0.002631,0.624724,0.122290
9,9,0.993742,0.002628,0.585776,0.090401
9,10,0.993735,0.002626,0.562434,0.050943
9,11,0.993732,0.002624,0.598032,0.115151
9,12,0.993734,0.002623,0.551452,0.043600
9,13,0.993741,0.002621,0.553744,0.049207
9,14,0.993751,0.002619,0.584618,0.115762
9,15,0.993766,0.002618,0.555357,0.051702
9,16,0.993784,0.002616,0.547176,0.045748
9,17,0.993805,0.002615,0.552182,0.046177
9,18,0.993829,0.002614,0.604327,0.122489
9,19,0.993856,0.002612,0.564586,0.059949
9,20,0.993886,0.002611,0.552790,0.050619
10,0,0.994148,0.002656,0.548944,0.048349
10,1,0.994065,0.002652,0.551582,0.048373
10,2,0.993994,0.002648,0.548965,0.046330
10,3,0.993935,0.002645,0.553877,0.050238
10,4,0.993885,0.002641,0.554674,0.049364
10,5,0.993844,0.002638,0.586441,0.122896
10,6,0.993812,0.002636,0.561901,0.054837
10,7,0.993786,0.002633,0.558164,0.053945
10,8,0.993766,0.002631,0.548450,0.046717
10,9,0.993753,0.002629,0.550101,0.047558
10,10,0.993746,0.002627,0.549229,0.046906
10,11,0.993743,0.002625,0.548135,0.045813
10,12,0.993745,0.002623,0.561513,0.053946
10,13,0.993752,0.002621,0.586444,0.078315
10,14,0.993762,0.002620,0.583278,0.082527
10,15,0.993777,0.002618,0.573811,0.060654
10,16,0.993795,0.002617,0.611788,0.143549
10,17,0.993816,0.002615,0.564568,0.052144
10,18,0.993840,0.002614,0.551511,0.048851
10,19,0.993867,0.002613,0.596171,0.076098
10,20,0.993897,0.002611,0.573892,0.056247
11,0,0.994160,0.002657,0.573422,0.060890
11,1,0.994076,0.002652,0.538912,0.040215
11,2,0.994006,0.002649,0.574347,0.052482
11,3,0.993946,0.002645,0.552334,0.048145
11,4,0.993897,0.002642,0.549274,0.047906
11,5,0.993856,0.002639,0.550820,0.049147
11,6,0.993823,0.002636,0.549691,0.047921
11,7,0.993797,0.002633,0.545997,0.045090
11,8,0.993778,0.002631,0.562002,0.055030
11,9,0.993765,0.002629,0.557588,0.050677
11,10,0.993757,0.002627,0.594786,0.090625
11,11,0.993755,0.002625,0.551668,0.047598
11,12,0.993757,0.002623,0.559990,0.053561
11,13,0.993763,0.002621,0.557655,0.053400
11,14,0.993774,0.002620,0.546740,0.045843
11,15,0.993788,0.002618,0.547375,0.043468
11,16,0.993806,0.002617,0.549488,0.046939
11,17,0.993827,0.002615,0.554113,0.047784
11,18,0.993851,0.002614,0.593382,0.057155
11,19,0.993878,0.002613,0.556440,0.049321
11,20,0.993908,0.002612,0.549315,0.048738
12,0,0.994172,0.002657,0.545647,0.046875
12,1,0.994088,0.002653,0.549122,0.047152
12,2,0.994018,0.002649,0.574615,0.103580
12,3,0.993958,0.002645,0.560895,0.055830
12,4,0.993909,0.002642,0.603619,0.095427
12,5,0.993868,0.002639,0.570879,0.089311
12,6,0.993835,0.002636,0.547856,0.045958
12,7,0.993809,0.002634,0.547730,0.046317
12,8,0.993790,0.002631,0.552552,0.047863
12,9,0.993777,0.002629,0.550998,0.048808
12,10,0.993769,0.002627,0.605279,0.124812
12,11,0.993766,0.002625,0.589083,0.090082
12,12,0.993769,0.002623,0.608664,0.121443
12,13,0.993775,0.002622,0.581346,0.089935
12,14,0.993786,0.002620,0.548519,0.046477
12,15,0.993800,0.002619,0.548674,0.048953
12,16,0.993818,0.002617,0.552400,0.048973
12,17,0.993839,0.002616,0.551998,0.050081
12,18,0.993863,0.002614,0.548995,0.047367
12,19,0.993890,0.002613,0.549311,0.047349
12,20,0.993920,0.002612,0.550137,0.047211
13,0,0.994184,0.002657,0.547628,0.048523
13,1,0.994101,0.002653,0.549819,0.047222
13,2,0.994030,0.002649,0.610763,0.132419
13,3,0.993971,0.002645,0.577582,0.065296
13,4,0.993921,0.002642,0.549560,0.046425
13,5,0.993880,0.002639,0.573090,0.054924
13,6,0.993847,0.002636,0.608532,0.119406
13,7,0.993821,0.002634,0.587238,0.104820
13,8,0.993802,0.002632,0.572046,0.057747
13,9,0.993789,0.002629,0.553232,0.049802
13,10,0.993781,0.002627,0.568131,0.047179
13,11,0.993779,0.002626,0.630534,0.150598
13,12,0.993781,0.002624,0.595850,0.117960
13,13,0.993787,0.002622,0.577366,0.074672
13,14,0.993798,0.002620,0.601479,0.112414
13,15,0.993812,0.002619,0.552895,0.050366
13,16,0.993830,0.002617,0.545531,0.045994
13,17,0.993851,0.002616,0.555754,0.050768
13,18,0.993876,0.002615,0.587895,0.116536
13,19,0.993903,0.002613,0.555056,0.052247
13,20,0.993932,0.002612,0.549641,0.038194
14,0,0.994197,0.002657,0.547970,0.046632
14,1,0.994113,0.002653,0.559447,0.050860
14,2,0.994043,0.002649,0.554183,0.049450
14,3,0.993983,0.002646,0.546569,0.046399
14,4,0.993934,0.002642,0.550707,0.048882
14,5,0.993893,0.002639,0.549060,0.046503
14,6,0.993860,0.002637,0.570118,0.057589
14,7,0.993834,0.002634,0.571754,0.061795
14,8,0.993815,0.002632,0.603091,0.108038
14,9,0.993802,0.002630,0.579161,0.052564
14,10,0.993794,0.002628,0.599891,0.104903
14,11,0.993791,0.002626,0.555691,0.050345
14,12,0.993794,0.002624,0.600935,0.129681
14,13,0.993800,0.002622,0.579067,0.082086
14,14,0.993811,0.002621,0.557827,0.052266
14,15,0.993825,0.002619,0.558937,0.048400
14,16,0.993843,0.002618,0.558878,0.055592
14,17,0.993864,0.002616,0.560730,0.054749
14,18,0.993888,0.002615,0.556958,0.053653
14,19,0.993915,0.002614,0.558460,0.054710
14,20,0.993945,0.002613,0.556205,0.052951
15,0,0.994210,0.002658,0.561012,0.055407
15,1,0.994127,0.002653,0.615739,0.131001
15,2,0.994056,0.002650,0.586295,0.069415
15,3,0.993997,0.002646,0.551809,0.049047
15,4,0.993947,0.002643,0.554703,0.049497
15,5,0.993906,0.002640,0.552362,0.048593
15,6,0.993873,0.002637,0.605892,0.123311
15,7,0.993847,0.002635,0.612385,0.135931
15,8,0.993828,0.002632,0.587910,0.085592
15,9,0.993815,0.002630,0.614390,0.157038
15,10,0.993807,0.002628,0.590706,0.097134
15,11,0.993805,0.002626,0.572405,0.051550
15,12,0.993807,0.002624,0.561766,0.045883
15,13,0.993813,0.002623,0.549362,0.049354
15,14,0.993824,0.002621,0.549562,0.048429
15,15,0.993838,0.002620,0.554580,0.052287
15,16,0.993856,0.002618,0.561136,0.049817
15,17,0.993877,0.002617,0.559432,0.053693
15,18,0.993901,0.002615,0.552090,0.047594
15,19,0.993928,0.002614,0.601479,0.139683
15,20,0.993958,0.002613,0.549149,0.039804
16,0,0.994224,0.002658,0.548601,0.046373
16,1,0.994140,0.002654,0.558877,0.052525
16,2,0.994069,0.002650,0.558624,0.053716
16,3,0.994010,0.002646,0.548082,0.047395
16,4,0.993960,0.002643,0.550156,0.047470
16,5,0.993919,0.002640,0.549121,0.045665
16,6,0.993886,0.002637,0.548959,0.048462
16,7,0.993861,0.002635,0.598433,0.122916
16,8,0.993841,0.002633,0.562444,0.054434
16,9,0.993828,0.002631,0.558508,0.048489
16,10,0.993821,0.002628,0.586209,0.091368
16,11,0.993818,0.002627,0.550554,0.050180
16,12,0.993820,0.002625,0.549675,0.049974
16,13,0.993827,0.002623,0.551101,0.049789
16,14,0.993837,0.002621,0.557201,0.055602
16,15,0.993852,0.002620,0.564168,0.056903
16,16,0.993870,0.002618,0.556395,0.053258
16,17,0.993891,0.002617,0.555815,0.050820
16,18,0.993915,0.002616,0.625793,0.174094
16,19,0.993942,0.002615,0.586184,0.108256
16,20,0.993971,0.002613,0.563154,0.090870
17,0,0.994238,0.002658,0.609381,0.132865
17,1,0.994154,0.002654,0.604158,0.138136
17,2,0.994083,0.002650,0.596703,0.097600
17,3,0.994024,0.002647,0.549714,0.047294
17,4,0.993974,0.002643,0.555454,0.048989
17,5,0.993933,0.002640,0.560842,0.054025
17,6,0.993900,0.002638,0.560512,0.054533
17,7,0.993874,0.002635,0.563103,0.055444
17,8,0.993855,0.002633,0.580272,0.070630
17,9,0.993842,0.002631,0.548464,0.047424
17,10,0.993834,0.002629,0.550881,0.049030
17,11,0.993832,0.002627,0.548506,0.047066
17,12,0.993834,0.002625,0.551933,0.047017
17,13,0.993840,0.002623,0.611411,0.127687
17,14,0.993851,0.002622,0.601671,0.125575
17,15,0.993865,0.002620,0.589879,0.090616
17,16,0.993883,0.002619,0.611061,0.155638
17,17,0.993904,0.002617,0.590447,0.089920
17,18,0.993928,0.002616,0.549569,0.046260
17,19,0.993955,0.002615,0.579105,0.082605
17,20,0.993985,0.002614,0.602110,0.123878
18,0,0.994252,0.002659,0.585845,0.085648
18,1,0.994168,0.002654,0.594713,0.105860
18,2,0.994097,0.002651,0.613098,0.156218
18,3,0.994038,0.002647,0.597355,0.108625
18,4,0.993988,0.002644,0.572944,0.064081
18,5,0.993947,0.002641,0.552332,0.048707
18,6,0.993914,0.002638,0.580626,0.064219
18,7,0.993888,0.002636,0.558155,0.051752
18,8,0.993869,0.002633,0.556192,0.052690
18,9,0.993856,0.002631,0.558154,0.050447
18,10,0.993848,0.002629,0.555649,0.052049
18,11,0.993846,0.002627,0.554886,0.051138
18,12,0.993848,0.002626,0.582478,0.061845
18,13,0.993854,0.002624,0.550021,0.046904
18,14,0.993865,0.002622,0.557009,0.051914
18,15,0.993879,0.002621,0.590118,0.089745
18,16,0.993897,0.002619,0.558927,0.051460
18,17,0.993918,0.002618,0.559978,0.052746
18,18,0.993943,0.002617,0.561429,0.054374
18,19,0.993969,0.002615,0.557494,0.052350
18,20,0.993999,0.002614,0.558208,0.050590
19,0,0.994266,0.002659,0.558126,0.051612
19,1,0.994182,0.002655,0.598393,0.112383
19,2,0.994112,0.002651,0.557615,0.051785
19,3,0.994052,0.002647,0.561615,0.052883
19,4,0.994003,0.002644,0.611646,0.113172
19,5,0.993962,0.002641,0.562059,0.054517
19,6,0.993929,0.002639,0.552938,0.049926
19,7,0.993903,0.002636,0.557602,0.052596
19,8,0.993884,0.002634,0.556446,0.051512
19,9,0.993870,0.002632,0.550673,0.045922
19,10,0.993863,0.002630,0.587976,0.091578
19,11,0.993860,0.002628,0.555199,0.051754
19,12,0.993862,0.002626,0.560941,0.055207
19,13,0.993869,0.002624,0.549411,0.048296
19,14,0.993879,0.002623,0.547480,0.045759
19,15,0.993894,0.002621,0.550709,0.045484
19,16,0.993912,0.002620,0.552708,0.044631
19,17,0.993933,0.002618,0.561415,0.055072
19,18,0.993957,0.002617,0.559832,0.053441
19,19,0.993984,0.002616,0.549731,0.046405
19,20,0.994013,0.002615,0.589600,0.125845
20,0,0.994281,0.002659,0.570946,0.072776
20,1,0.994197,0.002655,0.559406,0.054472
20,2,0.994126,0.002651,0.555533,0.051943
20,3,0.994067,0.002648,0.558882,0.053432
20,4,0.994017,0.002645,0.555004,0.048491
20,5,0.993976,0.002642,0.559905,0.053057
20,6,0.993943,0.002639,0.562745,0.056236
20,7,0.993917,0.002636,0.548643,0.045584
20,8,0.993898,0.002634,0.550621,0.047956
20,9,0.993885,0.002632,0.553217,0.049300
20,10,0.993877,0.002630,0.611176,0.119811
20,11,0.993875,0.002628,0.585131,0.078328
20,12,0.993877,0.002626,0.551050,0.046997
20,13,0.993883,0.002625,0.549698,0.048259
20,14,0.993894,0.002623,0.557119,0.051675
20,15,0.993908,0.002621,0.558279,0.052838
20,16,0.993926,0.002620,0.564288,0.056903
20,17,0.993947,0.002619,0.557269,0.051788
20,18,0.993971,0.002617,0.555361,0.050491
20,19,0.993998,0.002616,0.549211,0.045961
20,20,0.994028,0.002615,0.539518,0.042661
Parallel pool using the 'local' profile is shutting down.
