08 Epochs:
FactNgbrUser: 64,0.010000,0.050000,0.975000,0.958457,0.002651,36.996403,0.408620

10 Epochs:
SVD++:        64,0.010000,0.020000,0.950000,0.949714,0.002028,36.724004,0.508722
FactNgbrItem: 64,0.005000,0.050000,0.825000,0.947981,0.002358,30.635898,4.685889

15 Epochs:
SVD++:        64,0.010000,0.020000,0.925000,0.948713,0.002087,44.208434,1.586432
FactNgbrItem: 64,0.005000,0.050000,0.800000,0.947856,0.002333,43.917520,10.304782

20 Epochs:
SVD++:        64,0.005000,0.020000,0.975000,0.946965,0.002123,69.052735,1.831172

25 Epochs:
SVD++:        64,0.002000,0.005000,1.000000,0.948433,0.002101,82.693922,1.705584

30 Epochs:
SVD++:        64,0.002000,0.010000,1.000000,0.947099,0.002252,96.203308,3.034150

35 Epochs:
SVD++:        64,0.005000,0.020000,0.950000,0.945765,0.002213,107.463292,2.757605

40 Epochs:
SVD++:        64,0.002000,0.020000,1.000000,0.945502,0.002174,127.182952,3.391478
FactNgbrItem: 64,0.020000,0.100000,0.825000,0.944890,0.002390,129.050839,7.494619
